    0.0010    0.0010    0.0111         0
    0.0010    0.0010    0.0015         0
    0.0010    0.0010   -0.0108         0
    0.0010    0.0010   -0.0148         0
    0.0010    0.0010    0.0146         0
    0.0010    0.0010   -0.0039         0
    0.0010    0.0010    0.0123         0
    0.0010    0.0010    0.0024         0
    0.0010    0.0010   -0.0111         0
    0.0010    0.0010    0.0120         0
    0.0010    0.0010    0.0123         0
    0.0010    0.0010    0.0122         0
    0.0010    0.0010   -0.0053         0
    0.0010    0.0010    0.0020         0
    0.0010    0.0010    0.0110         0
    0.0010    0.0010    0.0005         0
    0.0010    0.0010    0.0007         0
    0.0010    0.0010   -0.0097         0
    0.0010    0.0010    0.0069         0
    0.0010    0.0010    0.0087         0
    0.0010    0.0010   -0.0036         0
    0.0010    0.0010    0.0035         0
    0.0010    0.0010    0.0017         0
    0.0010    0.0010   -0.0101         0
    0.0010    0.0010    0.0073         0
    0.0010    0.0010    0.0145         0
    0.0010    0.0010    0.0043         0
    0.0010    0.0010    0.0175         0
    0.0010    0.0010    0.0127         0
    0.0007    0.0010   -0.0044         0
    0.0007    0.0010    0.0125         0
    0.0007    0.0010   -0.0007         0
    0.0010    0.0010   -0.0027         0
    0.0007    0.0010    0.0044         0
    0.0003    0.0010   -0.0027         0
    0.0003    0.0010    0.0048         0
    0.0007    0.0010    0.0021         0
    0.0010    0.0010    0.0224         0
    0.0010    0.0010    0.0096         0
    0.0010    0.0010    0.0198         0
    0.0007    0.0010    0.0105         0
    0.0003    0.0007   -0.0001         0
    0.0003    0.0003    0.0155         0
    0.0003    0.0003    0.0302         0
    0.0007    0.0007   -0.0018         0
    0.0007    0.0007    0.0178         0
    0.0007    0.0003    0.0035         0
    0.0003    0.0003    0.0141         0
    0.0003    0.0003    0.0240         0
    0.0007    0.0003   -0.0148         0
    0.0010    1.3633    0.0119         0
    0.0007    1.3633    0.0015         0
    0.0003    1.3633    0.0082         0
    0.0003    0.0027    0.0039         0
    0.0003    0.0050   -0.0023         0
    0.0003    0.0077    0.0096         0
    0.0053    0.0073    0.0092         0
    0.0107    0.0077    0.0118         0
    0.0107    0.0273   -0.0079         0
    0.0053    0.0457    0.0161         0
    1.3707    0.0637    0.0162         0
    1.3707    0.0630    0.0138         0
    1.3707    0.0640    0.0145         0
    0.0077    0.0673    0.0071         0
    0.0157    0.0703    0.0087         0
    0.0183    0.0733    0.0113         0
    0.0133    0.0717    0.0197         0
    0.0080    0.8407    0.0181         0
    0.0080    1.5653    0.0053         0
    0.0080    2.2897    0.0079         0
    0.0617    2.2507    0.0139         0
    0.0817    2.2493    0.0111         0
    0.0987    2.2630    0.0061         0
    0.0630    2.2550    0.0115         0
    0.0633    2.2523    0.0358         0
    0.0667    2.2427    0.0069         0
    0.0707    2.2467    0.0104         0
    0.0723    2.2520    0.0093         0
    0.0737    2.2520    0.0012         0
    0.0710    2.2520    1.1032         0
    0.7943    2.2520    1.1127         0
    1.5167    2.2520    1.1144         0
    2.2413    2.2480    1.1134         0
    2.2537    2.2413    1.1129         0
    2.2673    2.2480    1.0955         0
    2.2810    2.2427    1.1079         0
    2.2687    2.2453    1.0959         0
    2.2657    2.2440    1.1200         0
    2.2533    2.2467    1.1156         0
    2.2657    2.2573    1.1174         0
    2.2643    2.2507    0.0018         0
    2.2670    2.2657    0.0217         0
    2.2640    2.2510    0.0132         0
    2.2640    2.2363    0.0049         0
    2.2573    2.2267   -0.0076         0
    2.2573    2.2200   -0.0132         0
    2.2467    2.2200    0.0139         0
    2.2587    2.2133    0.0198         0
    2.2467    2.2227    0.0298         0
    2.2440    2.2307    0.0112         0
    2.2307    2.2267    0.0141         0
    2.2400    2.2227    0.0031         0
    2.2480    2.2267    0.0110         0
    2.2587    2.2293    0.0243         0
    2.2600    2.2360    0.0063         0
    2.2547    2.2483    0.0348         0
    2.2480    2.2643    0.0036         0
    2.2510    2.2577    0.0145         0
    2.2497    2.2427    0.0198         0
    2.2470    2.2400    0.0281         0
    2.2320    2.2547    0.0005         0
    2.2320    2.2560    0.0220         0
    2.2347    2.2533    0.0343         0
    2.2360    2.2387    0.0133         0
    2.2373    2.2440    0.0211         0
    2.2333    2.2427    0.0200         0
    2.2387    2.2533    0.0034         0
    2.2413    2.2400    0.0283         0
    2.2533    2.2413    0.0021         0
    2.2573    2.2307    0.0133         0
    2.2640    2.2400    0.0127         0
    2.2560    2.2413    0.0118         0
    2.2480    2.2453    0.0210         0
    2.2400    2.2533    0.0158         0
    2.2400    2.2547   -0.0001         0
    2.2347    2.2520    0.0245         0
    2.2387    2.2493    0.0116         0
    2.2347    2.2347    0.0175         0
    2.2347    2.2453    0.0261         0
    2.2400    2.2493    0.0303         0
    2.2413    2.2520   -0.0004         0
    2.2547    2.2547    0.0070         0
    2.2453    2.2560    0.0181         0
    2.2560    2.2560    0.0270         0
    2.2507    2.2520    0.0244         0
    2.2493    2.2387    0.0150         0
    2.2493    2.2400    0.0146         0
    2.2547    2.2373    0.0245         0
    2.2653    2.2400    0.0146         0
    2.2667    2.2493    0.0384         0
    2.2680    2.2520    0.0068         0
    2.2680    2.2453    0.0245         0
    2.2560    2.2413    0.0075         0
    2.2560    2.2240    0.0166         0
    2.2467    2.2187    0.0194         0
    2.2427    2.2187    0.0363         0
    2.2333    2.2227    0.0249         0
    2.2293    2.2307    0.0140         0
    2.2280    2.2253    0.0152         0
    2.2333    2.2307    0.0357         0
    2.2440    2.2240    0.0106         0
    2.2480    2.2200    0.0144         0
    2.2493    2.2200    0.0069         0
    2.2387    2.2347    0.0128         0
    2.2440    2.2467    0.0176         0
    2.2387    2.2440    0.0152         0
    2.2373    2.2347    0.0312         0
    2.2427    2.2213    0.0283         0
    2.2333    2.2213    0.0081         0
    2.2347    2.2213    0.0065         0
    2.2200    2.2240    0.0299         0
    2.2227    2.2360    0.0159         0
    2.2253    2.2467    0.0080         0
    2.2373    2.2467    0.0117         0
    2.2347    2.2347    0.0166         0
    2.2320    2.2240    0.0210         0
    2.2333    2.2280    0.0374         0
    2.2320    2.2360    0.0147         0
    2.2400    2.2440    0.0369         0
    1.5113    2.2413    0.0240         0
    0.7967    2.2347    0.0176         0
    0.0687    1.5080    0.0286         0
    0.0680    0.7880    0.0184         0
    0.0680    0.0680    0.0054         0
    0.0680    0.0680    0.0279         0
    0.0680    0.0680    0.0345         0
    0.0680    0.0677    0.0103         0
    0.0680    0.0550    0.0256         0
    0.0680    0.0423    0.0212         0
    0.0680    0.0753    0.0206         0
    0.0680    0.0753    0.0321         0
    0.0543    0.0820    0.0365         0
    0.0400    0.0433    0.0208         0
    0.0257    0.0417    0.0251         0
    0.0250    0.0333    0.0033         0
    0.0250    0.0250    0.0297         0
    0.0250    0.0250    0.0383         0
    0.0247    0.0250    0.0276         0
    0.0243    0.0250    0.0238         0
    0.0163    0.0173    0.0142         0
    0.0087    0.0097    0.0260         0
    0.0033    0.0043    0.0174         0
    0.0057    0.0067    0.0149         0
    0.0080    0.0087    0.0317         0
    0.0080    0.0087    0.0284         0
    0.0080    0.0087    0.0207         0
    0.0283    0.0273    0.0286         0
    0.0493    0.0467    0.0191         0
    0.0717    0.0660    0.0344         0
    0.0763    0.0670    0.0054         0
    0.0783    0.0707    0.0079         0
    0.0783    0.0730    0.0197         0
    0.7947    0.8013    0.0266         0
    1.5197    1.5260    0.0167         0
    2.2217    2.2520    0.0255         0
    2.2163    2.2520    0.0356         0
    2.2003    2.2453    0.0279         0
    2.2187    2.2493    0.0293         0
    2.2227    2.2440    0.0098         0
    2.2347    2.2453    0.0267         0
    2.2387    2.2413    0.0314         0
    2.2373    2.2507    0.0359         0
    2.2320    2.2643    0.0327         0
    2.2280    2.2537    0.0201         0
    2.2227    2.2390    0.0209         0
    2.2307    2.2293    0.0250         0
    2.2347    2.2347    0.0261         0
    2.2323    2.2373    0.0309         0
    2.2153    2.2320    0.0423         0
    1.4760    2.2307    0.0292         0
    0.7430    1.4980    0.0249         0
    0.0113    0.7637    0.0298         0
    0.0113    0.0213    0.0398         0
    0.0207    0.0213    0.0271         0
    0.0283    0.0133    0.0377         0
    0.0267    0.0133    0.0256         0
    0.0250    0.0050    0.0202         0
    0.0250    0.0117    0.0372         0
    0.0250    0.0183    0.0216         0
    0.0250    0.0250    0.0189         0
    0.0220    0.0250    0.0342         0
    0.0183    0.0210    0.0100         0
    0.0127    0.0157    0.0286         0
    0.0100    0.0100    0.0319         0
    0.0080    0.0083    0.0262         0
    0.0657    0.0080    0.0477         0
    0.0837    0.0083    0.0256         0
    0.1030    0.0270    0.0447         0
    0.0650    0.0467    0.0185         0
    0.0667    0.0680    0.0268         0
    0.0713    0.0720    0.0180         0
    0.7957    0.8127    0.0185         0
    1.5173    1.5323    0.0302         0
    2.2387    2.2603    0.0451         0
    2.2320    2.2507    0.0497         0
    2.2280    2.2640    0.0137         0
    2.2333    2.2613    0.0396         0
    2.2453    2.2547    0.0134         0
    2.2427    2.2453    0.0315         0
    2.2280    2.2440    0.0349         0
    2.2173    2.2533    0.0151         0
    2.2173    2.2573    0.0360         0
    2.2240    2.2670    0.0405         0
    2.2173    2.2603    0.0345         0
    2.2213    2.2577    0.0406         0
    2.2133    2.2467    0.0394         0
    2.2173    2.2427    0.0319         0
    2.2097    2.2440    0.0469         0
    2.2060    2.2360    0.0504         0
    2.2127    2.2347    0.0301         0
    2.2177    2.2347    0.0410         0
    2.2123    2.2413    0.0469         0
    2.2057    2.2333    0.0409         0
    2.2057    2.2163    0.0298         0
    2.2227    2.2020    0.0464         0
    2.2293    2.2127    0.0374         0
    2.2360    2.2243    0.0390         0
    2.2253    2.2257    0.0279         0
    2.1873    2.2163    0.0390         0
    2.1507    2.2163    0.0400         0
    2.1210    2.2280    0.0462         0
    2.1307    2.2440    0.0438         0
    2.1247    2.2440    0.0330         0
    2.1237    2.2590    0.0393         0
    2.1130    2.2647    0.0361         0
    2.1273    2.2647    0.0301         0
    2.1417    2.2497    0.0484         0
    2.1403    2.2480    0.0260    0.0080
    2.1330    2.2493    0.0545    0.0160
    2.1243    2.2507    0.0246    0.0240
    2.1340    2.2507    0.0418    0.0240
    2.1247    2.2560    0.0384    0.0240
    2.1153    2.2547    0.0270    0.0240
    2.1057    2.2520    0.0273    0.0240
    2.1140    2.2480    0.0394    0.0240
    2.1200    2.2467    0.0316    0.0187
    2.1283    2.2373    0.0373    0.0187
    2.1330    2.2293    0.0436    0.0133
    2.1353    2.2387    0.0386    0.0133
    2.1223    2.2467    0.0450    0.0080
    2.1093    2.2547    0.0324    0.0080
    2.1117    2.2427    0.0427    0.0080
    2.1140    2.2400    0.0468    0.0080
    2.1223    2.2427    0.0316    0.0080
    2.1200    2.2493    0.0540    0.0287
    2.1283    2.2427    0.0528    0.0493
    2.1260    2.2280    0.0409    0.0700
    2.1117    2.2240    0.0479    0.0700
    2.1103    2.2253    0.0546    0.0683
    2.1020    2.2440    0.0517    0.0673
    2.1200    2.2547    0.0686    0.0650
    2.1153    2.2640    0.0355    0.0657
    2.1163    2.2573    0.0778    0.0650
    2.1043    2.2453    0.1614    0.0673
    2.1007    2.2333    0.1687    0.0697
    2.1030    2.2280    0.1222    0.0713
    2.1100    2.2413    0.0669    0.0730
    2.1160    2.2427    0.1006    0.0730
    2.1257    2.2440    0.1052    0.0723
    2.1210    2.2333    0.1193    0.7940
    2.1260    2.2347    0.1006    0.7943
    2.1273    2.2360    0.8705    1.5183
    2.1333    2.2253    1.5956    1.5290
    2.1570    2.2240    2.3146    2.2630
    2.1860    2.2057    2.2919    2.2737
    2.2083    2.2097    2.2888    2.2577
    2.2007    2.1993    2.2726    2.2577
    2.1877    2.2083    2.3010    2.2523
    2.1940    2.2123    2.2899    2.2670
    2.2030    2.2200    2.2898    2.2513
    2.1957    2.2280    2.2966    2.2520
    2.1803    2.2307    2.2943    2.2540
    2.1663    2.2293    2.2870    2.2560
    2.1867    2.2320    2.2712    2.2487
    2.2060    2.2267    2.2937    2.2453
    2.2097    2.2293    2.2915    2.2580
    2.1967    2.2360    2.3122    2.2600
    2.1913    2.2493    2.2943    2.2673
    2.2017    2.2467    2.3081    2.2733
    2.2003    2.2373    2.2754    2.2780
    2.1913    2.2280    2.3023    2.2613
    2.1810    2.2373    2.2928    2.2513
    2.1810    2.2333    2.3014    2.2533
    2.1877    2.2387    2.2716    2.2700
    2.1943    2.2333    2.2983    2.2680
    2.1970    2.2480    2.2726    2.2780
    2.1957    2.2533    2.2739    2.2680
    2.1867    2.2640    2.2740    2.2700
    2.1840    2.2640    2.2638    2.2627
    2.1827    2.2627    2.2801    2.2673
    2.1813    2.2493    2.2705    2.2680
    2.1867    2.2347    2.2831    2.2647
    2.1630    2.2307    2.2598    2.2667
    2.1470    2.2320    2.2515    2.2793
    2.1560    2.2453    2.2666    2.2933
    2.1887    2.2347    2.2839    2.3020
    1.5073    2.2387    2.2625    2.3040
    0.7670    2.2267    2.2926    2.3060
    0.0367    2.2267    2.2834    2.3080
    0.0210    2.2187    2.2749    2.3033
    0.0210    2.2160    2.2663    2.2920
    0.0217    2.2173    2.2682    2.2860
    0.0213    2.2227    2.2712    2.2790
    0.0290    2.2280    2.2761    2.2787
    0.0273    2.2217    2.3143    2.2753
    0.0257    2.2113    2.2877    2.2773
    0.0257    1.4890    2.2834    2.2793
    0.0257    0.7770    2.2843    2.2790
    0.0260    0.0490    2.2648    2.2860
    0.0390    0.0380    2.2707    2.2880
    0.0523    0.0170    2.2702    2.3003
    0.0657    0.0217    2.2627    2.3023
    0.0443    0.0213    2.2826    2.3173
    0.0227    0.0297    2.2769    2.3193
    0.0010    0.0283    2.2576    2.3200
    0.0010    0.0270    2.2427    2.3220
    0.0010    0.0270    2.2549    2.3137
    0.0010    0.0270    2.2578    2.3157
    0.0010    0.0270    2.2719    2.3047
    0.0010    0.0270    2.2900    2.3157
    0.0010    0.0270    2.2714    2.3177
    0.0010    0.0187    2.2427    2.3287
    0.0010    0.0103    2.2849    2.3163
    0.0010    0.0020    2.2712    2.3237
    0.0010    0.0020    2.2691    2.3243
    0.0010    0.0020    2.2445    2.3263
    0.0010    0.0017    2.2601    2.3270
    0.0010    0.0013    2.2758    2.3277
    0.0010    0.0010    2.2866    2.3427
    0.0010    0.0010    2.2738    2.3357
    0.0010    0.0010    2.2803    2.3377
    0.0010    0.0010    2.2428    2.3410
    0.0010    0.0010    2.2617    2.3430
    0.0010    0.0010    2.2290    2.3543
    0.0010    0.0010    2.2744    2.3563
    0.0010    0.0010    2.2757    2.3740
    0.0010    0.0010    2.2588    2.3733
    0.0010    0.0010    2.2699    2.3820
    0.0010    0.0010    2.2645    2.3827
    0.0010    0.0010    2.2674    2.3860
    0.0010    0.0010    2.2549    2.3723
    0.0010    0.0010    2.2553    2.3613
    0.0010    0.0010    2.2331    2.3490
    0.0010    0.0010    2.2482    2.3573
    0.0010    0.0010    2.2593    2.3657
    0.0010    0.0010    2.2623    2.3793
    0.0010    0.0010    2.2506    2.3947
    0.0010    0.0010    2.2652    2.3967
    0.0010    0.0010    2.2560    2.3987
    0.0010    0.0010    2.3182    2.3980